# Clean episodes for lerobot/pusht
# Total: 142/206
# Generated: 2026-09-10

0
1
2
9
11
13
14
17
18
19
20
21
22
23
25
27
28
29
30
31
32
33
35
36
37
38
39
41
42
43
45
46
49
50
51
52
55
57
59
60
61
62
63
64
66
67
68
69
72
73
74
75
76
77
82
85
86
87
89
90
92
93
94
96
98
100
102
103
108
109
110
111
112
113
115
118
119
122
123
124
125
126
127
128
129
132
133
134
135
136
137
138
139
140
141
142
143
145
146
147
149
150
151
152
154
157
158
160
163
164
165
166
167
168
169
170
172
173
176
177
180
181
183
184
185
186
187
188
189
190
191
194
195
196
197
198
200
201
202
203
204
205
